"5","'Nommer'","'Datum'","'Beskrywing1'","'Beskrywing2'","'Beskrywing3'","'Bedrag'","'Saldo'","'Opgeloopte Koste'"
"5","1","2016-03-29","#Monthly Bank Fee","","","-550.23","40471.62",""
"5","2","2016-04-01","Gereeld Bet Na","Rent","","-5000.00","35471.62",""
"5","3","2016-04-01","Gereeld Bet Na","MyBTCEx","","-2500.00","32971.62",""
"5","4","2016-04-02","Magband Debiet","Traditional Boring Investments","","-2500","30471.62",""
"5","5","2016-04-02","Magband Debiet","All-in-one Insurance","","-5234.43","25237.19",""
"5","6","2016-04-05","Gereeld Bet Na","My Charity","","-4500.00","20737.19",""
"5","7","2016-04-10","Smart-ap Transfer To","Credit Card Account","","-15000.00","5737.19",""
"5","8","2016-04-15","ATM","Cash Withdrawal","","-5000.00","737.19",""
"5","9","2016-04-25","Debiet Order Krediet","Grillerige Salary","","37256.28","37993.47",""
