"5","'Nommer'","'Datum'","'Beskrywing1'","'Beskrywing2'","'Beskrywing3'","'Bedrag'","'Saldo'","'Opgeloopte Koste'"
"5","1","2016-04-29","#Monthly Bank Fee","","","-599.06","37394.41",""
"5","2","2016-05-01","Gereeld Bet Na","Rent","","-5000.00","32394.41",""
"5","3","2016-05-01","Gereeld Bet Na","MyBTCEx","","-2500.00","29894.41",""
"5","4","2016-05-02","Magband Debiet","Traditional Boring Investments","","-2500","27394.41",""
"5","5","2016-05-02","Magband Debiet","All-in-one Insurance","","-5234.43","22159.98",""
"5","6","2016-05-05","Gereeld Bet Na","My Charity","","-4000.00","18159.98",""
"5","7","2016-05-10","Smart-ap Transfer To","Credit Card Account","","-14000.00","4159.98",""
"5","8","2016-05-15","ATM","Cash Withdrawal","","-4000.00","159.98",""
"5","9","2016-05-25","Debiet Order Krediet","Grillerige Salary","","37256.28","37416.26",""
